nLocations = 64;
nCities = 202;
nTypes = 6;
posCities = [ [1 4] [12 20] [8 10] [8 26] [13 20] [16 15] [19 19] [24 21] [20 13] [18 25] [15 22] [24 7] [9 3] [2 26] [20 20] [10 2] [20 23] [23 7] [19 26] [21 20] [0 10] [6 14] [2 0] [19 5] [17 2] [15 15] [11 1] [22 18] [1 10] [7 23] [24 14] [19 5] [22 27] [0 10] [13 20] [24 11] [19 16] [21 23] [4 17] [10 21] [23 18] [20 0] [21 24] [9 24] [5 24] [7 15] [20 4] [2 22] [17 2] [26 8] [7 21] [15 1] [8 25] [19 1] [26 9] [22 26] [27 4] [0 18] [8 14] [25 16] [16 16] [8 19] [18 19] [4 0] [6 3] [2 9] [13 26] [5 17] [7 17] [9 24] [27 3] [18 19] [7 19] [26 1] [27 10] [16 10] [21 12] [4 25] [4 16] [27 8] [18 18] [15 11] [4 22] [22 6] [25 22] [1 9] [19 10] [4 9] [21 8] [12 24] [15 26] [13 2] [2 12] [5 2] [19 16] [1 13] [3 21] [19 0] [11 15] [7 24] [4 2] [0 22] [3 24] [7 20] [5 8] [7 24] [17 20] [3 1] [13 23] [15 8] [7 18] [10 2] [16 24] [7 9] [21 27] [20 23] [2 27] [0 10] [10 15] [22 27] [5 17] [5 27] [4 7] [11 15] [27 21] [11 13] [19 15] [22 3] [15 24] [16 21] [6 11] [5 22] [2 4] [15 1] [22 6] [9 2] [23 22] [11 16] [2 3] [23 9] [4 4] [21 15] [5 14] [12 27] [17 2] [27 26] [14 20] [4 21] [14 23] [13 1] [0 7] [22 22] [19 2] [24 26] [22 2] [14 24] [20 21] [4 1] [19 3] [9 25] [1 8] [16 23] [27 24] [6 23] [20 5] [27 25] [17 8] [1 16] [26 24] [18 22] [14 24] [7 12] [22 11] [7 6] [27 7] [5 6] [7 24] [12 23] [17 12] [14 22] [10 11] [26 11] [11 2] [5 9] [12 22] [3 22] [21 8] [12 6] [13 27] [18 20] [8 26] [14 14] [6 16] [20 23] [19 27] [11 23] [11 22] [1 23] [7 19] [2 23] [17 7] [8 5] ];
posLocations = [ [10 15] [20 11] [15 2] [25 24] [17 24] [13 24] [12 25] [24 11] [14 17] [7 19] [13 11] [17 23] [7 5] [13 17] [18 17] [15 13] [27 25] [27 18] [24 4] [2 21] [2 10] [16 25] [18 24] [11 21] [20 20] [18 2] [8 18] [9 7] [20 22] [2 16] [0 8] [27 22] [26 4] [9 17] [11 3] [17 10] [8 5] [5 12] [13 20] [26 12] [15 0] [6 0] [2 13] [10 8] [23 24] [6 3] [21 27] [14 6] [10 3] [12 3] [24 21] [8 11] [21 22] [4 1] [13 6] [18 18] [8 26] [18 19] [4 16] [13 21] [23 0] [26 20] [21 24] [19 10] ];
p = [ 7 9 4 6 10 10 7 8 2 4 5 3 2 4 5 2 8 3 10 4 10 6 7 1 5 2 7 9 6 3 3 4 9 7 10 5 9 6 3 10 5 4 3 7 9 7 2 3 3 8 6 9 1 9 4 3 7 1 2 5 5 6 2 2 7 10 9 3 10 9 5 4 1 4 9 6 2 1 1 6 7 4 2 7 4 8 4 1 7 4 10 3 8 6 9 9 9 5 9 1 5 5 2 8 10 3 1 3 8 7 1 5 8 10 6 9 2 6 2 8 6 10 7 9 5 2 4 5 8 9 9 3 5 10 2 8 4 6 9 2 1 7 10 5 2 6 10 1 3 8 7 8 9 2 8 1 9 2 10 10 5 7 2 5 3 10 4 7 9 9 3 9 3 4 10 5 5 7 10 10 3 1 4 2 5 9 4 1 10 3 1 2 10 4 4 10 9 3 3 4 6 8 ];
d_city = [ 22.46554273522824 11.19295130190625 24.60777556351625 18.101363037189227 7.7282072832674515 8.41868534351707 ];
cap = [ 13 22 19 12 15 17 ];
cost = [ 54 40 63 47 49 36 ];
d_center = 0.9731787307144685;
