nLocations = 104;
nCities = 302;
nTypes = 7;
posCities = [ [18 20] [15 16] [29 19] [12 6] [9 29] [8 11] [4 9] [19 26] [28 18] [3 22] [16 28] [15 10] [14 5] [30 17] [6 26] [4 12] [30 18] [19 4] [26 9] [3 15] [16 35] [9 15] [35 21] [20 11] [32 14] [4 3] [4 25] [8 18] [16 27] [2 17] [22 32] [31 22] [29 29] [13 26] [21 21] [17 33] [27 20] [19 28] [17 9] [2 35] [7 28] [19 0] [17 9] [21 12] [31 17] [1 21] [10 17] [3 10] [34 0] [24 12] [19 0] [19 19] [21 14] [34 3] [35 11] [27 30] [32 13] [16 25] [34 19] [31 2] [0 15] [25 0] [0 33] [13 35] [12 18] [29 24] [8 10] [20 23] [35 30] [25 17] [11 26] [10 9] [7 23] [4 10] [20 22] [0 22] [20 3] [25 30] [35 9] [33 18] [19 32] [22 4] [30 0] [22 2] [7 13] [25 11] [10 31] [16 26] [15 18] [33 0] [30 26] [1 28] [0 6] [4 15] [32 2] [9 11] [7 23] [19 28] [18 21] [10 1] [2 11] [2 7] [5 15] [14 19] [11 20] [2 21] [10 8] [24 20] [3 20] [32 16] [31 30] [11 9] [6 20] [8 19] [17 6] [20 7] [21 28] [12 16] [24 11] [15 24] [25 1] [16 33] [21 18] [29 33] [3 25] [34 11] [13 19] [15 0] [1 33] [10 16] [27 29] [27 15] [1 34] [5 23] [19 18] [8 31] [2 16] [6 3] [30 26] [22 30] [3 22] [13 13] [33 32] [34 7] [16 1] [4 13] [8 31] [28 3] [15 23] [26 3] [11 33] [16 0] [6 17] [15 9] [19 7] [9 24] [24 30] [7 33] [32 12] [10 15] [0 13] [25 20] [32 28] [20 32] [8 3] [16 21] [25 29] [17 28] [7 32] [33 28] [34 14] [25 33] [30 16] [24 26] [19 25] [2 18] [15 24] [11 35] [29 25] [4 28] [30 22] [14 23] [18 34] [17 4] [8 20] [31 0] [16 1] [20 6] [14 0] [2 28] [18 6] [23 12] [9 4] [2 31] [28 23] [16 6] [29 9] [25 10] [22 34] [25 13] [17 33] [28 15] [21 28] [33 28] [1 23] [10 25] [28 19] [7 12] [15 12] [21 16] [13 8] [19 4] [24 25] [33 21] [13 15] [14 30] [17 18] [21 1] [8 28] [13 12] [15 22] [7 14] [14 20] [27 14] [11 9] [33 33] [1 25] [32 0] [24 33] [11 3] [21 13] [32 19] [24 15] [22 4] [11 28] [23 8] [16 11] [30 1] [33 3] [20 26] [7 26] [24 3] [2 2] [23 14] [23 31] [9 12] [16 20] [21 5] [21 31] [33 11] [28 12] [18 16] [35 3] [28 21] [28 34] [21 33] [3 28] [34 33] [4 3] [2 1] [29 26] [15 20] [31 18] [18 7] [34 20] [5 22] [17 11] [32 28] [15 25] [20 12] [35 14] [24 16] [11 14] [13 9] [19 9] [21 28] [18 1] [21 18] [6 20] [26 30] [25 17] [17 34] [1 17] [33 30] [8 22] [16 30] [2 14] [18 32] [24 3] [29 27] [8 31] [7 34] [20 32] [33 13] [20 21] [4 7] [23 22] [12 8] [25 11] [15 4] [27 26] [32 1] ];
posLocations = [ [34 32] [23 28] [35 28] [32 24] [28 16] [9 28] [17 32] [31 17] [13 32] [31 5] [29 7] [9 33] [24 27] [18 15] [27 27] [30 22] [34 34] [3 10] [17 23] [23 10] [4 22] [1 35] [3 3] [3 5] [27 4] [8 24] [22 1] [12 16] [22 35] [6 16] [27 13] [8 27] [21 10] [16 21] [4 32] [14 3] [31 35] [12 10] [18 23] [17 6] [20 25] [21 2] [31 14] [9 18] [27 20] [35 13] [18 6] [17 31] [22 7] [0 28] [1 1] [26 16] [30 11] [27 11] [35 10] [26 14] [31 12] [17 14] [19 27] [3 13] [32 0] [12 30] [18 30] [34 31] [9 16] [29 14] [14 26] [11 10] [33 7] [0 19] [34 17] [28 4] [28 31] [33 3] [20 1] [14 20] [12 2] [32 18] [26 15] [22 3] [7 1] [2 21] [35 12] [32 9] [13 24] [33 2] [33 18] [8 30] [0 31] [34 29] [31 18] [24 20] [21 24] [18 27] [30 9] [11 35] [29 35] [14 2] [16 16] [24 16] [14 6] [19 31] [17 15] [15 1] ];
p = [ 4 8 4 5 8 4 1 9 8 4 6 3 6 4 7 2 9 1 6 1 6 10 9 10 6 7 8 2 9 2 8 7 4 5 9 9 7 7 5 6 4 3 4 10 4 9 2 7 10 1 6 7 5 9 9 2 6 8 9 2 2 5 8 2 9 9 3 7 1 9 4 1 10 2 1 4 7 6 6 3 8 6 7 5 9 6 2 7 5 5 9 10 7 1 8 5 3 8 6 10 7 3 5 2 1 10 6 7 1 1 10 8 8 7 3 5 6 6 6 4 10 8 8 4 7 7 4 1 5 10 6 6 7 4 7 5 10 7 5 10 2 10 3 10 7 7 5 6 6 4 2 7 7 6 3 8 3 9 3 7 8 8 2 5 10 10 8 7 9 6 8 7 3 7 2 10 2 9 6 4 2 4 2 2 5 4 3 8 1 2 7 7 4 8 1 2 6 1 1 2 5 8 10 10 8 7 10 6 5 6 2 6 2 3 3 5 1 5 1 9 1 8 8 7 2 10 6 1 1 2 1 2 6 1 9 5 6 8 5 1 6 8 8 10 9 4 4 5 7 10 8 5 5 4 7 5 9 10 5 6 8 7 6 9 1 7 6 2 3 9 5 1 10 3 5 5 7 5 9 2 5 8 2 10 3 5 8 7 6 8 3 8 2 1 4 9 2 8 7 3 10 10 ];
d_city = [ 6.4390034715622875 13.401707171398709 22.55892829998085 30.20313411196691 12.898926437361286 28.650614882024882 17.626982653881463 ];
cap = [ 16 18 19 13 14 14 16 ];
cost = [ 55 58 61 42 59 41 64 ];
d_center = 0.40986539371124675;
