nLocations = 88;
nCities = 227;
nTypes = 3;
posCities = [ [4 31] [16 2] [0 13] [19 16] [25 8] [3 2] [16 11] [15 29] [14 21] [0 23] [10 17] [8 12] [10 19] [10 1] [3 23] [29 12] [15 12] [9 0] [1 17] [4 13] [16 22] [23 4] [19 26] [9 31] [25 0] [29 25] [2 9] [11 3] [12 3] [3 23] [0 12] [27 11] [31 11] [24 9] [9 15] [19 4] [15 5] [11 22] [10 29] [22 14] [23 18] [13 23] [13 11] [28 22] [14 23] [14 31] [1 16] [10 21] [31 14] [7 21] [25 23] [5 6] [20 4] [15 20] [15 27] [31 23] [4 26] [17 25] [6 17] [22 15] [24 29] [29 11] [12 29] [14 3] [30 18] [13 25] [8 6] [6 6] [8 10] [15 3] [15 12] [14 17] [23 4] [7 28] [2 17] [21 8] [29 30] [24 28] [7 6] [15 4] [3 15] [17 14] [18 2] [14 15] [0 0] [17 23] [26 5] [14 9] [1 28] [2 3] [0 19] [27 22] [22 23] [30 13] [31 23] [25 22] [5 3] [20 8] [22 8] [31 22] [15 5] [7 12] [5 9] [15 28] [19 1] [17 29] [20 27] [26 1] [4 3] [4 22] [10 18] [10 13] [23 29] [12 24] [17 17] [3 0] [29 22] [31 18] [26 15] [13 8] [20 5] [0 14] [15 29] [28 30] [25 9] [16 18] [16 13] [14 22] [9 17] [29 16] [31 0] [2 0] [27 16] [17 22] [25 20] [22 27] [18 19] [17 31] [11 3] [2 14] [9 26] [22 25] [24 14] [22 15] [26 27] [26 19] [11 31] [1 10] [24 10] [18 22] [21 9] [25 3] [5 9] [22 3] [2 20] [6 16] [13 31] [27 30] [18 27] [20 13] [7 26] [13 29] [7 2] [30 15] [1 5] [20 14] [2 20] [31 3] [11 20] [26 23] [30 20] [16 26] [10 20] [14 31] [22 15] [6 18] [2 11] [17 29] [25 17] [17 29] [8 16] [28 9] [13 19] [4 31] [24 11] [22 20] [23 15] [11 14] [25 26] [28 24] [28 2] [3 12] [17 12] [0 27] [16 24] [27 31] [1 22] [31 9] [3 7] [9 5] [2 7] [29 3] [3 23] [5 22] [15 23] [14 8] [23 23] [30 2] [30 2] [14 5] [11 24] [5 12] [27 4] [13 5] [22 7] [0 22] [31 27] [2 15] [30 7] [13 8] [18 14] [25 8] [24 30] [20 5] [26 24] [9 22] [12 21] ];
posLocations = [ [1 20] [18 23] [21 5] [16 2] [8 20] [8 6] [5 13] [10 12] [21 20] [0 17] [0 12] [30 31] [17 6] [18 13] [3 11] [31 24] [15 5] [7 9] [7 14] [8 22] [28 28] [30 13] [10 4] [17 26] [28 29] [2 0] [9 23] [9 2] [23 2] [8 14] [27 4] [0 20] [6 30] [31 10] [15 6] [2 24] [25 22] [5 15] [22 17] [27 15] [11 27] [18 26] [26 8] [30 3] [5 26] [23 15] [11 0] [5 25] [24 2] [3 17] [14 13] [5 0] [18 17] [23 6] [27 31] [30 1] [21 17] [16 12] [3 25] [27 10] [8 17] [25 23] [3 9] [0 19] [16 28] [2 22] [11 4] [20 11] [26 19] [11 6] [0 14] [2 28] [31 30] [6 23] [16 8] [25 27] [6 8] [7 10] [22 16] [5 31] [9 1] [9 31] [19 1] [19 4] [19 22] [10 21] [30 2] [22 24] ];
p = [ 8 1 1 9 4 6 4 9 6 6 1 9 6 5 4 7 4 6 6 10 10 1 8 8 1 6 10 7 10 2 6 2 9 9 2 5 4 3 6 7 10 7 4 5 9 8 4 10 10 4 5 5 4 7 4 7 2 4 8 1 4 7 6 2 7 4 9 5 2 1 1 1 7 3 2 5 8 7 10 7 10 6 6 10 3 9 9 10 1 8 4 6 1 5 3 6 10 3 3 8 5 5 8 5 3 3 5 4 9 3 6 3 5 4 1 1 6 8 9 10 5 1 5 1 8 8 6 2 5 2 4 3 7 2 4 8 9 1 7 8 9 9 6 10 8 7 2 1 3 9 1 3 6 10 3 7 4 5 2 7 1 9 2 1 4 10 10 1 6 4 6 9 4 2 5 10 9 3 1 2 9 4 8 3 1 8 1 8 2 7 9 4 7 3 7 5 7 7 10 4 3 8 9 9 7 6 5 7 6 7 2 3 7 7 8 7 7 5 8 5 9 3 9 10 3 4 7 ];
d_city = [ 24.30346882895927 38.73248440566582 25.22283340552486 ];
cap = [ 18 15 15 ];
cost = [ 35 50 50 ];
d_center = 0.881929865927043;
